0000 c1
0001 09
0002 80
0003 00
0004 80
0005 00
0006 81
0007 20
0008 8a
0009 40
000a 81
000b 20
000c 88
000d c0
000e 80
000f 00
0010 80
0011 00
0012 80
0013 00
0014 81
0015 20
0016 8a
0017 40
0018 81
0019 20
001a 88
001b c0
001c 80
001d 00
001e 80
001f 00
0020 80
0021 00
0022 81
0023 20
0024 8a
0025 40
0026 81
0027 20
0028 88
0029 c0
002a 80
002b 00
002c 80
002d 00
002e 80
002f 00
0030 81
0031 20
0032 8a
0033 40
0034 81
0035 20
0036 88
0037 c0
0038 80
0039 00
003a 80
003b 00
003c 80
003d 00
003e 81
003f 20
0040 8a
0041 40
0042 00
0043 00
0044 00
0045 00
0046 00
0047 00
0048 00
0049 00
004a 00
004b 00
004c 00
004d 00
004e 00
004f 00
0050 00
0051 00
0052 00
0053 00
0054 00
0055 00
0056 00
0057 00
0058 00
0059 00
005a 00
005b 00
005c 00
005d 00
005e 00
005f 00
0060 00
0061 00
0062 00
0063 00
0064 00
0065 00
0066 00
0067 00
0068 00
0069 00
006a 00
006b 00
006c 00
006d 00
006e 00
006f 00
0070 00
0071 00
0072 00
0073 00
0074 00
0075 00
0076 00
0077 00
0078 00
0079 00
007a 00
007b 00
007c 00
007d 00
007e 00
007f 00
0080 00
0081 00
0082 00
0083 00
0084 00
0085 00
0086 00
0087 00
0088 00
0089 00
008a 00
008b 00
008c 00
008d 00
008e 00
008f 00
0090 00
0091 00
0092 00
0093 00
0094 00
0095 00
0096 00
0097 00
0098 00
0099 00
009a 00
009b 00
009c 00
009d 00
009e 00
009f 00
00a0 00
00a1 00
00a2 00
00a3 00
00a4 00
00a5 00
00a6 00
00a7 00
00a8 00
00a9 00
00aa 00
00ab 00
00ac 00
00ad 00
00ae 00
00af 00
00b0 00
00b1 00
00b2 00
00b3 00
00b4 00
00b5 00
00b6 00
00b7 00
00b8 00
00b9 00
00ba 00
00bb 00
00bc 00
00bd 00
00be 00
00bf 00
00c0 00
00c1 00
00c2 00
00c3 00
00c4 00
00c5 00
00c6 00
00c7 00
00c8 00
00c9 00
00ca 00
00cb 00
00cc 00
00cd 00
00ce 00
00cf 00
00d0 00
00d1 00
00d2 00
00d3 00
00d4 00
00d5 00
00d6 00
00d7 00
00d8 00
00d9 00
00da 00
00db 00
00dc 00
00dd 00
00de 00
00df 00
00e0 00
00e1 00
00e2 00
00e3 00
00e4 00
00e5 00
00e6 00
00e7 00
00e8 00
00e9 00
00ea 00
00eb 00
00ec 00
00ed 00
00ee 00
00ef 00
00f0 00
00f1 00
00f2 00
00f3 00
00f4 00
00f5 00
00f6 00
00f7 00
00f8 00
00f9 00
00fa 00
00fb 00
00fc 00
00fd 00
00fe 00
00ff 00
0100 00
0101 00
0102 00
0103 00
0104 00
0105 00
0106 00
0107 00
0108 00
0109 00
010a 00
010b 00
010c 00
010d 00
010e 00
010f 00
0110 00
0111 00
0112 00
0113 00
0114 00
0115 00
0116 00
0117 00
0118 00
0119 00
011a 00
011b 00
011c 00
011d 00
011e 00
011f 00
0120 00
0121 00
0122 00
0123 00
0124 00
0125 00
0126 00
0127 00
0128 00
0129 00
012a 00
012b 00
012c 00
012d 00
012e 00
012f 00
0130 00
0131 00
0132 00
0133 00
0134 00
0135 00
0136 00
0137 00
0138 00
0139 00
013a 00
013b 00
013c 00
013d 00
013e 00
013f 00
0140 00
0141 00
0142 00
0143 00
0144 00
0145 00
0146 00
0147 00
0148 00
0149 00
014a 00
014b 00
014c 00
014d 00
014e 00
014f 00
0150 00
0151 00
0152 00
0153 00
0154 00
0155 00
0156 00
0157 00
0158 00
0159 00
015a 00
015b 00
015c 00
015d 00
015e 00
015f 00
0160 00
0161 00
0162 00
0163 00
0164 00
0165 00
0166 00
0167 00
0168 00
0169 00
016a 00
016b 00
016c 00
016d 00
016e 00
016f 00
0170 00
0171 00
0172 00
0173 00
0174 00
0175 00
0176 00
0177 00
0178 00
0179 00
017a 00
017b 00
017c 00
017d 00
017e 00
017f 00
0180 00
0181 00
0182 00
0183 00
0184 00
0185 00
0186 00
0187 00
0188 00
0189 00
018a 00
018b 00
018c 00
018d 00
018e 00
018f 00
0190 00
0191 00
0192 00
0193 00
0194 00
0195 00
0196 00
0197 00
0198 00
0199 00
019a 00
019b 00
019c 00
019d 00
019e 00
019f 00
01a0 00
01a1 00
01a2 00
01a3 00
01a4 00
01a5 00
01a6 00
01a7 00
01a8 00
01a9 00
01aa 00
01ab 00
01ac 00
01ad 00
01ae 00
01af 00
01b0 00
01b1 00
01b2 00
01b3 00
01b4 00
01b5 00
01b6 00
01b7 00
01b8 00
01b9 00
01ba 00
01bb 00
01bc 00
01bd 00
01be 00
01bf 00
01c0 00
01c1 00
01c2 00
01c3 00
01c4 00
01c5 00
01c6 00
01c7 00
01c8 00
01c9 00
01ca 00
01cb 00
01cc 00
01cd 00
01ce 00
01cf 00
01d0 00
01d1 00
01d2 00
01d3 00
01d4 00
01d5 00
01d6 00
01d7 00
01d8 00
01d9 00
01da 00
01db 00
01dc 00
01dd 00
01de 00
01df 00
01e0 00
01e1 00
01e2 00
01e3 00
01e4 00
01e5 00
01e6 00
01e7 00
01e8 00
01e9 00
01ea 00
01eb 00
01ec 00
01ed 00
01ee 00
01ef 00
01f0 00
01f1 00
01f2 00
01f3 00
01f4 00
01f5 00
01f6 00
01f7 00
01f8 00
01f9 00
01fa 00
01fb 00
01fc 00
01fd 00
01fe 00
01ff 00
0200 00
0201 00
0202 00
0203 00
0204 00
0205 00
0206 00
0207 00
0208 00
0209 00
020a 00
020b 00
020c 00
020d 00
020e 00
020f 00
0210 00
0211 00
0212 00
0213 00
0214 00
0215 00
0216 00
0217 00
0218 00
0219 00
021a 00
021b 00
021c 00
021d 00
021e 00
021f 00
0220 00
0221 00
0222 00
0223 00
0224 00
0225 00
0226 00
0227 00
0228 00
0229 00
022a 00
022b 00
022c 00
022d 00
022e 00
022f 00
0230 00
0231 00
0232 00
0233 00
0234 00
0235 00
0236 00
0237 00
0238 00
0239 00
023a 00
023b 00
023c 00
023d 00
023e 00
023f 00
0240 00
0241 00
0242 00
0243 00
0244 00
0245 00
0246 00
0247 00
0248 00
0249 00
024a 00
024b 00
024c 00
024d 00
024e 00
024f 00
0250 00
0251 00
0252 00
0253 00
0254 00
0255 00
0256 00
0257 00
0258 00
0259 00
025a 00
025b 00
025c 00
025d 00
025e 00
025f 00
0260 00
0261 00
0262 00
0263 00
0264 00
0265 00
0266 00
0267 00
0268 00
0269 00
026a 00
026b 00
026c 00
026d 00
026e 00
026f 00
0270 00
0271 00
0272 00
0273 00
0274 00
0275 00
0276 00
0277 00
0278 00
0279 00
027a 00
027b 00
027c 00
027d 00
027e 00
027f 00
0280 00
0281 00
0282 00
0283 00
0284 00
0285 00
0286 00
0287 00
0288 00
0289 00
028a 00
028b 00
028c 00
028d 00
028e 00
028f 00
0290 00
0291 00
0292 00
0293 00
0294 00
0295 00
0296 00
0297 00
0298 00
0299 00
029a 00
029b 00
029c 00
029d 00
029e 00
029f 00
02a0 00
02a1 00
02a2 00
02a3 00
02a4 00
02a5 00
02a6 00
02a7 00
02a8 00
02a9 00
02aa 00
02ab 00
02ac 00
02ad 00
02ae 00
02af 00
02b0 00
02b1 00
02b2 00
02b3 00
02b4 00
02b5 00
02b6 00
02b7 00
02b8 00
02b9 00
02ba 00
02bb 00
02bc 00
02bd 00
02be 00
02bf 00
02c0 00
02c1 00
02c2 00
02c3 00
02c4 00
02c5 00
02c6 00
02c7 00
02c8 00
02c9 00
02ca 00
02cb 00
02cc 00
02cd 00
02ce 00
02cf 00
02d0 00
02d1 00
02d2 00
02d3 00
02d4 00
02d5 00
02d6 00
02d7 00
02d8 00
02d9 00
02da 00
02db 00
02dc 00
02dd 00
02de 00
02df 00
02e0 00
02e1 00
02e2 00
02e3 00
02e4 00
02e5 00
02e6 00
02e7 00
02e8 00
02e9 00
02ea 00
02eb 00
02ec 00
02ed 00
02ee 00
02ef 00
02f0 00
02f1 00
02f2 00
02f3 00
02f4 00
02f5 00
02f6 00
02f7 00
02f8 00
02f9 00
02fa 00
02fb 00
02fc 00
02fd 00
02fe 00
02ff 00
0300 00
0301 00
0302 00
0303 00
0304 00
0305 00
0306 00
0307 00
0308 00
0309 00
030a 00
030b 00
030c 00
030d 00
030e 00
030f 00
0310 00
0311 00
0312 00
0313 00
0314 00
0315 00
0316 00
0317 00
0318 00
0319 00
031a 00
031b 00
031c 00
031d 00
031e 00
031f 00
0320 00
0321 00
0322 00
0323 00
0324 00
0325 00
0326 00
0327 00
0328 00
0329 00
032a 00
032b 00
032c 00
032d 00
032e 00
032f 00
0330 00
0331 00
0332 00
0333 00
0334 00
0335 00
0336 00
0337 00
0338 00
0339 00
033a 00
033b 00
033c 00
033d 00
033e 00
033f 00
0340 00
0341 00
0342 00
0343 00
0344 00
0345 00
0346 00
0347 00
0348 00
0349 00
034a 00
034b 00
034c 00
034d 00
034e 00
034f 00
0350 00
0351 00
0352 00
0353 00
0354 00
0355 00
0356 00
0357 00
0358 00
0359 00
035a 00
035b 00
035c 00
035d 00
035e 00
035f 00
0360 00
0361 00
0362 00
0363 00
0364 00
0365 00
0366 00
0367 00
0368 00
0369 00
036a 00
036b 00
036c 00
036d 00
036e 00
036f 00
0370 00
0371 00
0372 00
0373 00
0374 00
0375 00
0376 00
0377 00
0378 00
0379 00
037a 00
037b 00
037c 00
037d 00
037e 00
037f 00
0380 00
0381 00
0382 00
0383 00
0384 00
0385 00
0386 00
0387 00
0388 00
0389 00
038a 00
038b 00
038c 00
038d 00
038e 00
038f 00
0390 00
0391 00
0392 00
0393 00
0394 00
0395 00
0396 00
0397 00
0398 00
0399 00
039a 00
039b 00
039c 00
039d 00
039e 00
039f 00
03a0 00
03a1 00
03a2 00
03a3 00
03a4 00
03a5 00
03a6 00
03a7 00
03a8 00
03a9 00
03aa 00
03ab 00
03ac 00
03ad 00
03ae 00
03af 00
03b0 00
03b1 00
03b2 00
03b3 00
03b4 00
03b5 00
03b6 00
03b7 00
03b8 00
03b9 00
03ba 00
03bb 00
03bc 00
03bd 00
03be 00
03bf 00
03c0 00
03c1 00
03c2 00
03c3 00
03c4 00
03c5 00
03c6 00
03c7 00
03c8 00
03c9 00
03ca 00
03cb 00
03cc 00
03cd 00
03ce 00
03cf 00
03d0 00
03d1 00
03d2 00
03d3 00
03d4 00
03d5 00
03d6 00
03d7 00
03d8 00
03d9 00
03da 00
03db 00
03dc 00
03dd 00
03de 00
03df 00
03e0 00
03e1 00
03e2 00
03e3 00
03e4 00
03e5 00
03e6 00
03e7 00
03e8 00
03e9 00
03ea 00
03eb 00
03ec 00
03ed 00
03ee 00
03ef 00
03f0 00
03f1 00
03f2 00
03f3 00
03f4 00
03f5 00
03f6 00
03f7 00
03f8 00
03f9 00
03fa 00
03fb 00
03fc 00
03fd 00
03fe 00
03ff 00
0400 00
0401 00
0402 00
0403 00
0404 00
0405 00
0406 00
0407 00
0408 00
0409 00
040a 00
040b 00
040c 00
040d 00
040e 00
040f 00
0410 00
0411 00
0412 00
0413 00
0414 00
0415 00
0416 00
0417 00
0418 00
0419 00
041a 00
041b 00
041c 00
041d 00
041e 00
041f 00
0420 00
0421 00
0422 00
0423 00
0424 00
0425 00
0426 00
0427 00
0428 00
0429 00
042a 00
042b 00
042c 00
042d 00
042e 00
042f 00
0430 00
0431 00
0432 00
0433 00
0434 00
0435 00
0436 00
0437 00
0438 00
0439 00
043a 00
043b 00
043c 00
043d 00
043e 00
043f 00
0440 00
0441 00
0442 00
0443 00
0444 00
0445 00
0446 00
0447 00
0448 00
0449 00
044a 00
044b 00
044c 00
044d 00
044e 00
044f 00
0450 00
0451 00
0452 00
0453 00
0454 00
0455 00
0456 00
0457 00
0458 00
0459 00
045a 00
045b 00
045c 00
045d 00
045e 00
045f 00
0460 00
0461 00
0462 00
0463 00
0464 00
0465 00
0466 00
0467 00
0468 00
0469 00
046a 00
046b 00
046c 00
046d 00
046e 00
046f 00
0470 00
0471 00
0472 00
0473 00
0474 00
0475 00
0476 00
0477 00
0478 00
0479 00
047a 00
047b 00
047c 00
047d 00
047e 00
047f 00
0480 00
0481 00
0482 00
0483 00
0484 00
0485 00
0486 00
0487 00
0488 00
0489 00
048a 00
048b 00
048c 00
048d 00
048e 00
048f 00
0490 00
0491 00
0492 00
0493 00
0494 00
0495 00
0496 00
0497 00
0498 00
0499 00
049a 00
049b 00
049c 00
049d 00
049e 00
049f 00
04a0 00
04a1 00
04a2 00
04a3 00
04a4 00
04a5 00
04a6 00
04a7 00
04a8 00
04a9 00
04aa 00
04ab 00
04ac 00
04ad 00
04ae 00
04af 00
04b0 00
04b1 00
04b2 00
04b3 00
04b4 00
04b5 00
04b6 00
04b7 00
04b8 00
04b9 00
04ba 00
04bb 00
04bc 00
04bd 00
04be 00
04bf 00
04c0 00
04c1 00
04c2 00
04c3 00
04c4 00
04c5 00
04c6 00
04c7 00
04c8 00
04c9 00
04ca 00
04cb 00
04cc 00
04cd 00
04ce 00
04cf 00
04d0 00
04d1 00
04d2 00
04d3 00
04d4 00
04d5 00
04d6 00
04d7 00
04d8 00
04d9 00
04da 00
04db 00
04dc 00
04dd 00
04de 00
04df 00
04e0 00
04e1 00
04e2 00
04e3 00
04e4 00
04e5 00
04e6 00
04e7 00
04e8 00
04e9 00
04ea 00
04eb 00
04ec 00
04ed 00
04ee 00
04ef 00
04f0 00
04f1 00
04f2 00
04f3 00
04f4 00
04f5 00
04f6 00
04f7 00
04f8 00
04f9 00
04fa 00
04fb 00
04fc 00
04fd 00
04fe 00
04ff 00
0500 00
0501 00
0502 00
0503 00
0504 00
0505 00
0506 00
0507 00
0508 00
0509 00
050a 00
050b 00
050c 00
050d 00
050e 00
050f 00
0510 00
0511 00
0512 00
0513 00
0514 00
0515 00
0516 00
0517 00
0518 00
0519 00
051a 00
051b 00
051c 00
051d 00
051e 00
051f 00
0520 00
0521 00
0522 00
0523 00
0524 00
0525 00
0526 00
0527 00
0528 00
0529 00
052a 00
052b 00
052c 00
052d 00
052e 00
052f 00
0530 00
0531 00
0532 00
0533 00
0534 00
0535 00
0536 00
0537 00
0538 00
0539 00
053a 00
053b 00
053c 00
053d 00
053e 00
053f 00
0540 00
0541 00
0542 00
0543 00
0544 00
0545 00
0546 00
0547 00
0548 00
0549 00
054a 00
054b 00
054c 00
054d 00
054e 00
054f 00
0550 00
0551 00
0552 00
0553 00
0554 00
0555 00
0556 00
0557 00
0558 00
0559 00
055a 00
055b 00
055c 00
055d 00
055e 00
055f 00
0560 00
0561 00
0562 00
0563 00
0564 00
0565 00
0566 00
0567 00
0568 00
0569 00
056a 00
056b 00
056c 00
056d 00
056e 00
056f 00
0570 00
0571 00
0572 00
0573 00
0574 00
0575 00
0576 00
0577 00
0578 00
0579 00
057a 00
057b 00
057c 00
057d 00
057e 00
057f 00
0580 00
0581 00
0582 00
0583 00
0584 00
0585 00
0586 00
0587 00
0588 00
0589 00
058a 00
058b 00
058c 00
058d 00
058e 00
058f 00
0590 00
0591 00
0592 00
0593 00
0594 00
0595 00
0596 00
0597 00
0598 00
0599 00
059a 00
059b 00
059c 00
059d 00
059e 00
059f 00
05a0 00
05a1 00
05a2 00
05a3 00
05a4 00
05a5 00
05a6 00
05a7 00
05a8 00
05a9 00
05aa 00
05ab 00
05ac 00
05ad 00
05ae 00
05af 00
05b0 00
05b1 00
05b2 00
05b3 00
05b4 00
05b5 00
05b6 00
05b7 00
05b8 00
05b9 00
05ba 00
05bb 00
05bc 00
05bd 00
05be 00
05bf 00
05c0 00
05c1 00
05c2 00
05c3 00
05c4 00
05c5 00
05c6 00
05c7 00
05c8 00
05c9 00
05ca 00
05cb 00
05cc 00
05cd 00
05ce 00
05cf 00
05d0 00
05d1 00
05d2 00
05d3 00
05d4 00
05d5 00
05d6 00
05d7 00
05d8 00
05d9 00
05da 00
05db 00
05dc 00
05dd 00
05de 00
05df 00
05e0 00
05e1 00
05e2 00
05e3 00
05e4 00
05e5 00
05e6 00
05e7 00
05e8 00
05e9 00
05ea 00
05eb 00
05ec 00
05ed 00
05ee 00
05ef 00
05f0 00
05f1 00
05f2 00
05f3 00
05f4 00
05f5 00
05f6 00
05f7 00
05f8 00
05f9 00
05fa 00
05fb 00
05fc 00
05fd 00
05fe 00
05ff 00
0600 00
0601 00
0602 00
0603 00
0604 00
0605 00
0606 00
0607 00
0608 00
0609 00
060a 00
060b 00
060c 00
060d 00
060e 00
060f 00
0610 00
0611 00
0612 00
0613 00
0614 00
0615 00
0616 00
0617 00
0618 00
0619 00
061a 00
061b 00
061c 00
061d 00
061e 00
061f 00
0620 00
0621 00
0622 00
0623 00
0624 00
0625 00
0626 00
0627 00
0628 00
0629 00
062a 00
062b 00
062c 00
062d 00
062e 00
062f 00
0630 00
0631 00
0632 00
0633 00
0634 00
0635 00
0636 00
0637 00
0638 00
0639 00
063a 00
063b 00
063c 00
063d 00
063e 00
063f 00
0640 00
0641 00
0642 00
0643 00
0644 00
0645 00
0646 00
0647 00
0648 00
0649 00
064a 00
064b 00
064c 00
064d 00
064e 00
064f 00
0650 00
0651 00
0652 00
0653 00
0654 00
0655 00
0656 00
0657 00
0658 00
0659 00
065a 00
065b 00
065c 00
065d 00
065e 00
065f 00
0660 00
0661 00
0662 00
0663 00
0664 00
0665 00
0666 00
0667 00
0668 00
0669 00
066a 00
066b 00
066c 00
066d 00
066e 00
066f 00
0670 00
0671 00
0672 00
0673 00
0674 00
0675 00
0676 00
0677 00
0678 00
0679 00
067a 00
067b 00
067c 00
067d 00
067e 00
067f 00
0680 00
0681 00
0682 00
0683 00
0684 00
0685 00
0686 00
0687 00
0688 00
0689 00
068a 00
068b 00
068c 00
068d 00
068e 00
068f 00
0690 00
0691 00
0692 00
0693 00
0694 00
0695 00
0696 00
0697 00
0698 00
0699 00
069a 00
069b 00
069c 00
069d 00
069e 00
069f 00
06a0 00
06a1 00
06a2 00
06a3 00
06a4 00
06a5 00
06a6 00
06a7 00
06a8 00
06a9 00
06aa 00
06ab 00
06ac 00
06ad 00
06ae 00
06af 00
06b0 00
06b1 00
06b2 00
06b3 00
06b4 00
06b5 00
06b6 00
06b7 00
06b8 00
06b9 00
06ba 00
06bb 00
06bc 00
06bd 00
06be 00
06bf 00
06c0 00
06c1 00
06c2 00
06c3 00
06c4 00
06c5 00
06c6 00
06c7 00
06c8 00
06c9 00
06ca 00
06cb 00
06cc 00
06cd 00
06ce 00
06cf 00
06d0 00
06d1 00
06d2 00
06d3 00
06d4 00
06d5 00
06d6 00
06d7 00
06d8 00
06d9 00
06da 00
06db 00
06dc 00
06dd 00
06de 00
06df 00
06e0 00
06e1 00
06e2 00
06e3 00
06e4 00
06e5 00
06e6 00
06e7 00
06e8 00
06e9 00
06ea 00
06eb 00
06ec 00
06ed 00
06ee 00
06ef 00
06f0 00
06f1 00
06f2 00
06f3 00
06f4 00
06f5 00
06f6 00
06f7 00
06f8 00
06f9 00
06fa 00
06fb 00
06fc 00
06fd 00
06fe 00
06ff 00
0700 00
0701 00
0702 00
0703 00
0704 00
0705 00
0706 00
0707 00
0708 00
0709 00
070a 00
070b 00
070c 00
070d 00
070e 00
070f 00
0710 00
0711 00
0712 00
0713 00
0714 00
0715 00
0716 00
0717 00
0718 00
0719 00
071a 00
071b 00
071c 00
071d 00
071e 00
071f 00
0720 00
0721 00
0722 00
0723 00
0724 00
0725 00
0726 00
0727 00
0728 00
0729 00
072a 00
072b 00
072c 00
072d 00
072e 00
072f 00
0730 00
0731 00
0732 00
0733 00
0734 00
0735 00
0736 00
0737 00
0738 00
0739 00
073a 00
073b 00
073c 00
073d 00
073e 00
073f 00
0740 00
0741 00
0742 00
0743 00
0744 00
0745 00
0746 00
0747 00
0748 00
0749 00
074a 00
074b 00
074c 00
074d 00
074e 00
074f 00
0750 00
0751 00
0752 00
0753 00
0754 00
0755 00
0756 00
0757 00
0758 00
0759 00
075a 00
075b 00
075c 00
075d 00
075e 00
075f 00
0760 00
0761 00
0762 00
0763 00
0764 00
0765 00
0766 00
0767 00
0768 00
0769 00
076a 00
076b 00
076c 00
076d 00
076e 00
076f 00
0770 00
0771 00
0772 00
0773 00
0774 00
0775 00
0776 00
0777 00
0778 00
0779 00
077a 00
077b 00
077c 00
077d 00
077e 00
077f 00
0780 00
0781 00
0782 00
0783 00
0784 00
0785 00
0786 00
0787 00
0788 00
0789 00
078a 00
078b 00
078c 00
078d 00
078e 00
078f 00
0790 00
0791 00
0792 00
0793 00
0794 00
0795 00
0796 00
0797 00
0798 00
0799 00
079a 00
079b 00
079c 00
079d 00
079e 00
079f 00
07a0 00
07a1 00
07a2 00
07a3 00
07a4 00
07a5 00
07a6 00
07a7 00
07a8 00
07a9 00
07aa 00
07ab 00
07ac 00
07ad 00
07ae 00
07af 00
07b0 00
07b1 00
07b2 00
07b3 00
07b4 00
07b5 00
07b6 00
07b7 00
07b8 00
07b9 00
07ba 00
07bb 00
07bc 00
07bd 00
07be 00
07bf 00
07c0 00
07c1 00
07c2 00
07c3 00
07c4 00
07c5 00
07c6 00
07c7 00
07c8 00
07c9 00
07ca 00
07cb 00
07cc 00
07cd 00
07ce 00
07cf 00
07d0 00
07d1 00
07d2 00
07d3 00
07d4 00
07d5 00
07d6 00
07d7 00
07d8 00
07d9 00
07da 00
07db 00
07dc 00
07dd 00
07de 00
07df 00
07e0 00
07e1 00
07e2 00
07e3 00
07e4 00
07e5 00
07e6 00
07e7 00
07e8 00
07e9 00
07ea 00
07eb 00
07ec 00
07ed 00
07ee 00
07ef 00
07f0 00
07f1 00
07f2 00
07f3 00
07f4 00
07f5 00
07f6 00
07f7 00
07f8 00
07f9 00
07fa 00
07fb 00
07fc 00
07fd 00
07fe 00
07ff 00
0800 00
0801 00
0802 00
0803 00
0804 00
0805 00
0806 00
0807 00
0808 00
0809 00
080a 00
080b 00
080c 00
080d 00
080e 00
080f 00
0810 00
0811 00
0812 00
0813 00
0814 00
0815 00
0816 00
0817 00
0818 00
0819 00
081a 00
081b 00
081c 00
081d 00
081e 00
081f 00
0820 00
0821 00
0822 00
0823 00
0824 00
0825 00
0826 00
0827 00
0828 00
0829 00
082a 00
082b 00
082c 00
082d 00
082e 00
082f 00
0830 00
0831 00
0832 00
0833 00
0834 00
0835 00
0836 00
0837 00
0838 00
0839 00
083a 00
083b 00
083c 00
083d 00
083e 00
083f 00
0840 00
0841 00
0842 00
0843 00
0844 00
0845 00
0846 00
0847 00
0848 00
0849 00
084a 00
084b 00
084c 00
084d 00
084e 00
084f 00
0850 00
0851 00
0852 00
0853 00
0854 00
0855 00
0856 00
0857 00
0858 00
0859 00
085a 00
085b 00
085c 00
085d 00
085e 00
085f 00
0860 00
0861 00
0862 00
0863 00
0864 00
0865 00
0866 00
0867 00
0868 00
0869 00
086a 00
086b 00
086c 00
086d 00
086e 00
086f 00
0870 00
0871 00
0872 00
0873 00
0874 00
0875 00
0876 00
0877 00
0878 00
0879 00
087a 00
087b 00
087c 00
087d 00
087e 00
087f 00
0880 00
0881 00
0882 00
0883 00
0884 00
0885 00
0886 00
0887 00
0888 00
0889 00
088a 00
088b 00
088c 00
088d 00
088e 00
088f 00
0890 00
0891 00
0892 00
0893 00
0894 00
0895 00
0896 00
0897 00
0898 00
0899 00
089a 00
089b 00
089c 00
089d 00
089e 00
089f 00
08a0 00
08a1 00
08a2 00
08a3 00
08a4 00
08a5 00
08a6 00
08a7 00
08a8 00
08a9 00
08aa 00
08ab 00
08ac 00
08ad 00
08ae 00
08af 00
08b0 00
08b1 00
08b2 00
08b3 00
08b4 00
08b5 00
08b6 00
08b7 00
08b8 00
08b9 00
08ba 00
08bb 00
08bc 00
08bd 00
08be 00
08bf 00
08c0 00
08c1 00
08c2 00
08c3 00
08c4 00
08c5 00
08c6 00
08c7 00
08c8 00
08c9 00
08ca 00
08cb 00
08cc 00
08cd 00
08ce 00
08cf 00
08d0 00
08d1 00
08d2 00
08d3 00
08d4 00
08d5 00
08d6 00
08d7 00
08d8 00
08d9 00
08da 00
08db 00
08dc 00
08dd 00
08de 00
08df 00
08e0 00
08e1 00
08e2 00
08e3 00
08e4 00
08e5 00
08e6 00
08e7 00
08e8 00
08e9 00
08ea 00
08eb 00
08ec 00
08ed 00
08ee 00
08ef 00
08f0 00
08f1 00
08f2 00
08f3 00
08f4 00
08f5 00
08f6 00
08f7 00
08f8 00
08f9 00
08fa 00
08fb 00
08fc 00
08fd 00
08fe 00
08ff 00
0900 00
0901 00
0902 00
0903 00
0904 00
0905 00
0906 00
0907 00
0908 00
0909 00
090a 00
090b 00
090c 00
090d 00
090e 00
090f 00
0910 00
0911 00
0912 00
0913 00
0914 00
0915 00
0916 00
0917 00
0918 00
0919 00
091a 00
091b 00
091c 00
091d 00
091e 00
091f 00
0920 00
0921 00
0922 00
0923 00
0924 00
0925 00
0926 00
0927 00
0928 00
0929 00
092a 00
092b 00
092c 00
092d 00
092e 00
092f 00
0930 00
0931 00
0932 00
0933 00
0934 00
0935 00
0936 00
0937 00
0938 00
0939 00
093a 00
093b 00
093c 00
093d 00
093e 00
093f 00
0940 00
0941 00
0942 00
0943 00
0944 00
0945 00
0946 00
0947 00
0948 00
0949 00
094a 00
094b 00
094c 00
094d 00
094e 00
094f 00
0950 00
0951 00
0952 00
0953 00
0954 00
0955 00
0956 00
0957 00
0958 00
0959 00
095a 00
095b 00
095c 00
095d 00
095e 00
095f 00
0960 00
0961 00
0962 00
0963 00
0964 00
0965 00
0966 00
0967 00
0968 00
0969 00
096a 00
096b 00
096c 00
096d 00
096e 00
096f 00
0970 00
0971 00
0972 00
0973 00
0974 00
0975 00
0976 00
0977 00
0978 00
0979 00
097a 00
097b 00
097c 00
097d 00
097e 00
097f 00
0980 00
0981 00
0982 00
0983 00
0984 00
0985 00
0986 00
0987 00
0988 00
0989 00
098a 00
098b 00
098c 00
098d 00
098e 00
098f 00
0990 00
0991 00
0992 00
0993 00
0994 00
0995 00
0996 00
0997 00
0998 00
0999 00
099a 00
099b 00
099c 00
099d 00
099e 00
099f 00
09a0 00
09a1 00
09a2 00
09a3 00
09a4 00
09a5 00
09a6 00
09a7 00
09a8 00
09a9 00
09aa 00
09ab 00
09ac 00
09ad 00
09ae 00
09af 00
09b0 00
09b1 00
09b2 00
09b3 00
09b4 00
09b5 00
09b6 00
09b7 00
09b8 00
09b9 00
09ba 00
09bb 00
09bc 00
09bd 00
09be 00
09bf 00
09c0 00
09c1 00
09c2 00
09c3 00
09c4 00
09c5 00
09c6 00
09c7 00
09c8 00
09c9 00
09ca 00
09cb 00
09cc 00
09cd 00
09ce 00
09cf 00
09d0 00
09d1 00
09d2 00
09d3 00
09d4 00
09d5 00
09d6 00
09d7 00
09d8 00
09d9 00
09da 00
09db 00
09dc 00
09dd 00
09de 00
09df 00
09e0 00
09e1 00
09e2 00
09e3 00
09e4 00
09e5 00
09e6 00
09e7 00
09e8 00
09e9 00
09ea 00
09eb 00
09ec 00
09ed 00
09ee 00
09ef 00
09f0 00
09f1 00
09f2 00
09f3 00
09f4 00
09f5 00
09f6 00
09f7 00
09f8 00
09f9 00
09fa 00
09fb 00
09fc 00
09fd 00
09fe 00
09ff 00
0a00 00
0a01 00
0a02 00
0a03 00
0a04 00
0a05 00
0a06 00
0a07 00
0a08 00
0a09 00
0a0a 00
0a0b 00
0a0c 00
0a0d 00
0a0e 00
0a0f 00
0a10 00
0a11 00
0a12 00
0a13 00
0a14 00
0a15 00
0a16 00
0a17 00
0a18 00
0a19 00
0a1a 00
0a1b 00
0a1c 00
0a1d 00
0a1e 00
0a1f 00
0a20 00
0a21 00
0a22 00
0a23 00
0a24 00
0a25 00
0a26 00
0a27 00
0a28 00
0a29 00
0a2a 00
0a2b 00
0a2c 00
0a2d 00
0a2e 00
0a2f 00
0a30 00
0a31 00
0a32 00
0a33 00
0a34 00
0a35 00
0a36 00
0a37 00
0a38 00
0a39 00
0a3a 00
0a3b 00
0a3c 00
0a3d 00
0a3e 00
0a3f 00
0a40 00
0a41 00
0a42 00
0a43 00
0a44 00
0a45 00
0a46 00
0a47 00
0a48 00
0a49 00
0a4a 00
0a4b 00
0a4c 00
0a4d 00
0a4e 00
0a4f 00
0a50 00
0a51 00
0a52 00
0a53 00
0a54 00
0a55 00
0a56 00
0a57 00
0a58 00
0a59 00
